mc = 1.5;
mp = 0.5;
g = 9.82;
L = 1;
d1 = 0.01;
d2 = 0.01;